mg3P: 0.659239
resid: 0.541689
psinv: 0.202915
rprj3: 0.107225
norm2u3: 0.098680
zran3: 0.095134
interp: 0.094995
zero3: 0.081210
comm3: 0.023700
bubble: 0.000003
setup: 0.000001
