mg3P: 0.065038
resid: 0.044515
psinv: 0.023048
zran3: 0.021619
rprj3: 0.009480
interp: 0.007937
comm3: 0.005163
zero3: 0.002092
norm2u3: 0.001517
bubble: 0.000023
setup: 0.000001
