zran3: 1.073186
mg3P: 0.592438
resid: 0.476749
psinv: 0.191648
norm2u3: 0.096693
rprj3: 0.094998
interp: 0.082742
zero3: 0.062009
comm3: 0.022065
bubble: 0.000022
setup: 0.000001
nonzero: 没用
showall：没用
power:无法omp优化
rep_nrm：无法omp优化