zran3: 0.535570
mg3P: 0.117804
resid: 0.040148
psinv: 0.033916
norm2u3: 0.024121
rprj3: 0.016593
interp: 0.014117
zero3: 0.013330
comm3: 0.001001
setup: 0.000001
bubble: 0.000000
nonzero: 没用
showall：没用
power:无法omp优化
rep_nrm：无法omp优化