fft: 2.112994
cfftz: 1.292538
fftz2: 1.214906
compute_initial_conditions: 1.039782
cffts3: 0.771543
cffts1: 0.689347
cffts2: 0.652040
compute_indexmap: 0.164423
evolve: 0.143542
checksum: 0.000107
setup: 0.000036
fft_init: 0.000021
verify: 0.000001
ipow46: 0.000001
