fft: 0.109130
cfftz: 0.078686
compute_initial_conditions: 0.067427
fftz2: 0.059026
cffts1: 0.040540
cffts2: 0.035419
cffts3: 0.033132
compute_indexmap: 0.009056
evolve: 0.004678
checksum: 0.000069
setup: 0.000062
fft_init: 0.000012
verify: 0.000002
ipow46: 0.000002
