fft: 2.083057
cfftz: 1.343095
fftz2: 1.202274
compute_initial_conditions: 1.040939
cffts3: 0.734401
cffts2: 0.680121
cffts1: 0.668475
compute_indexmap: 0.161977
evolve: 0.129164
checksum: 0.000166
setup: 0.000088
fft_init: 0.000020
verify: 0.000003
ipow46: 0.000001
ilog2:无法omp优化
print_timers:没调用（if (TIMERS_ENABLED == TRUE) TIME_FUNCTION(print_timers);）