compute_initial_conditions: 0.536350
fft: 0.292579
cffts3: 0.130658
cffts1: 0.119973
compute_indexmap: 0.088557
cffts2: 0.088520
evolve: 0.023517
cfftz: 0.003315
fftz2: 0.003290
setup: 0.000090
checksum: 0.000036
fft_init: 0.000014
verify: 0.000003
ipow46: 0.000001
ilog2:无法omp优化
print_timers:没调用（if (TIMERS_ENABLED == TRUE) TIME_FUNCTION(print_timers);）