fft: 2.047864
cfftz: 1.285775
fftz2: 1.206238
compute_initial_conditions: 1.042656
cffts3: 0.701183
cffts2: 0.678990
cffts1: 0.667632
compute_indexmap: 0.172305
evolve: 0.134189
checksum: 0.000163
setup: 0.000080
fft_init: 0.000022
verify: 0.000002
ipow46: 0.000001
