adi: 20.265842
z_solve: 5.340704
compute_rhs: 5.143965
x_solve: 4.826054
y_solve: 4.160576
lhsx: 3.005528
lhsy: 1.824682
lhsz: 1.054207
tzetar: 0.463562
add: 0.450168
initialize: 0.401078
txinvr: 0.356057
exact_solution: 0.152137
ninvr: 0.146327
pinvr: 0.143775
exact_rhs: 0.110474
verify: 0.044782
error_norm: 0.031704
lhsinit: 0.010892
rhs_norm: 0.000339
set_constants: 0.000001
