adi: 2.699709
compute_rhs: 0.797902
z_solve: 0.776579
y_solve: 0.527735
x_solve: 0.500995
lhsx: 0.233858
lhsy: 0.212259
lhsz: 0.151141
initialize: 0.080923
tzetar: 0.053545
txinvr: 0.053120
add: 0.044648
exact_solution: 0.029657
pinvr: 0.022360
ninvr: 0.022219
exact_rhs: 0.018319
verify: 0.007789
error_norm: 0.005690
lhsinit: 0.002138
rhs_norm: 0.000057
set_constants: 0.000001
