initialize: 0.213436
exact_rhs: 0.110577
adi: 0.060789
verify: 0.044915
error_norm: 0.031460
compute_rhs: 0.020733
x_solve: 0.015285
z_solve: 0.014155
y_solve: 0.012262
lhsinit: 0.010896
lhsx: 0.009923
lhsy: 0.005638
lhsz: 0.003362
tzetar: 0.001842
add: 0.001254
txinvr: 0.001180
ninvr: 0.000570
pinvr: 0.000397
rhs_norm: 0.000365
exact_solution: 0.000018
set_constants: 0.000001
