adi: 20.345629
z_solve: 5.385091
compute_rhs: 5.132697
x_solve: 4.802181
y_solve: 4.238178
lhsx: 3.027874
lhsy: 1.859590
lhsz: 1.053265
tzetar: 0.448018
add: 0.447344
txinvr: 0.353467
initialize: 0.249303
exact_solution: 0.150434
ninvr: 0.146207
pinvr: 0.143177
exact_rhs: 0.072133
verify: 0.033975
error_norm: 0.019694
lhsinit: 0.010908
rhs_norm: 0.000342
set_constants: 0.000001
