adi: 18.132509
compute_rhs: 5.420571
x_solve: 5.118824
y_solve: 4.619444
lhsx: 3.284935
z_solve: 2.145544
lhsy: 2.129521
lhsz: 1.205507
tzetar: 0.515380
add: 0.484356
txinvr: 0.356069
initialize: 0.256786
exact_solution: 0.156469
ninvr: 0.141165
pinvr: 0.138589
exact_rhs: 0.072630
verify: 0.033580
error_norm: 0.020281
lhsinit: 0.010955
rhs_norm: 0.000341
set_constants: 0.000001
