ssor: 3.584982
blts: 0.866741
buts: 0.838899
rhs: 0.682107
jacld: 0.614498
jacu: 0.536234
setiv: 0.013566
exact: 0.006813
setbv: 0.005856
error: 0.004999
erhs: 0.004165
l2norm: 0.000144
read_input: 0.000094
verify: 0.000071
pintgr: 0.000020
setcoeff: 0.000000
domain: 0.000000
