ssor: 25.450983
blts: 6.192033
buts: 5.904224
rhs: 5.072621 
jacld: 4.146502
jacu: 3.864996
setiv: 0.062792
exact: 0.037449
erhs: 0.036791
error: 0.019910
setbv: 0.011340
l2norm: 0.001287
read_input: 0.000284
verify: 0.000133
pintgr: 0.000087
setcoeff: 0.000004
domain: 0.000000
