ssor: 26.040453
blts: 6.279242
buts: 5.999454
rhs: 5.124889
jacld: 4.203355
jacu: 4.146928
setiv: 0.062353
exact: 0.039932
erhs: 0.035812
error: 0.021019
setbv: 0.013125
l2norm: 0.001277
pintgr: 0.000092
read_input: 0.000048
verify: 0.000026
setcoeff: 0.000004
domain: 0.000000
