ssor: 25.203383
setiv: 0.083722
error: 0.039902
erhs: 0.035515
rhs: 0.023667
setbv: 0.017122
blts: 0.000799
buts: 0.000781
jacu: 0.000675
jacld: 0.000673
l2norm: 0.000438
read_input: 0.000134
pintgr: 0.000085
verify: 0.000069
exact: 0.000022
setcoeff: 0.000000
domain: 0.000000
