ssor: 25.168062
blts: 6.170522
buts: 5.849865
rhs: 4.943473
jacld: 4.118791
jacu: 3.818034
setiv: 0.084065
exact: 0.040251
error: 0.040029
erhs: 0.035317
setbv: 0.019577
l2norm: 0.001281
verify: 0.000134
pintgr: 0.000087
read_input: 0.000084
setcoeff: 0.000000
domain: 0.000000
